10000000
10000000
10000000
01111011
01110100
01101111
01101001
01100100
01011111
01011010
01010101
01010001
01001101
01001001
01000101
01000010
00111110
00111011
00111000
00110101
00110011
00110000
00101110
00101011
00101001
00100111
00100101
00100011
00100001
00100000
00011110
00011101
00011011
00011010
00011000
00010111
00010110
00010101
00010100
00010011
00010010
00010001
00010000
00001111
00001110
00001110
00001101
00001100
00001100
00001011
00001011
00001010
00001010
00001001
00001001
00001000
00001000
00000111
00000111
00000111
00000110
00000110
00000110
00000010
10110000
10100111
10011110
10010110
10001110
10000111
10000000
01111010
01110100
01101110
01101000
01100011
01011110
01011001
01010101
01010000
01001100
01001000
01000101
01000001
00111110
00111011
00111000
00110101
00110010
00110000
00101101
00101011
00101001
00100111
00100101
00100011
00100001
00011111
00011110
00011100
00011011
00011010
00011000
00010111
00010110
00010101
00010100
00010011
00010010
00010001
00010000
00001111
00001110
00001110
00001101
00001100
00001100
00001011
00001011
00001010
00001001
00001001
00001001
00001000
00001000
00000111
00000111
00000010
11010000
11000101
10111011
10110010
10101001
10100000
10011000
10010000
10001001
10000010
01111011
01110101
01101111
01101001
01100100
01011111
01011010
01010110
01010001
01001101
01001001
01000101
01000010
00111111
00111011
00111000
00110110
00110011
00110000
00101110
00101011
00101001
00100111
00100101
00100011
00100001
00100000
00011110
00011101
00011011
00011010
00011001
00010111
00010110
00010101
00010100
00010011
00010010
00010001
00010000
00001111
00001111
00001110
00001101
00001100
00001100
00001011
00001011
00001010
00001010
00001001
00001001
00001000
00000010
11110000
11100011
11011000
11001101
11000011
10111001
10101111
10100110
10011110
10010110
10001110
10000111
10000000
01111010
01110100
01101110
01101000
01100011
01011110
01011001
01010101
01010000
01001100
01001000
01000101
01000001
00111110
00111011
00111000
00110101
00110010
00110000
00101101
00101011
00101001
00100111
00100101
00100011
00100001
00011111
00011110
00011100
00011011
00011001
00011000
00010111
00010110
00010101
00010100
00010011
00010010
00010001
00010000
00001111
00001110
00001110
00001101
00001100
00001100
00001011
00001011
00001010
00001001
00000010