00000000
00000000
00000001
00000010
00000010
00000100
00000100
00000101
00000110
00000111
00001000
00001001
00001001
00001011
00001011
00001100
00001101
00001101
00001111
00001111
00010000
00010000
00010010
00010010
00010011
00010011
00010101
00010101
00010110
00010110
00010111
00011000
00011000
00011001
00011010
00011010
00011011
00011011
00011100
00011101
00011101
00011110
00011110
00011110
00011111
00100000
00100000
00100001
00100001
00100001
00100010
00100010
00100011
00100011
00100011
00100100
00100100
00100100
00100101
00100101
00100101
00100110
00100110
00111111